Node	Node	Distance
0	1	177
0	2	354
0	3	540
0	4	710
0	5	792
0	6	841
0	7	621
0	8	460
0	9	692
0	10	692
0	11	432
0	12	248
0	13	272
0	14	262
0	15	281
0	16	384
0	17	355
0	18	332
0	19	377
0	20	316
0	21	212
0	22	174
0	23	158
0	24	137
0	25	184
0	26	418
0	27	348
0	28	544
0	29	579
0	30	275
0	31	594
0	32	852
0	33	914
0	34	899
0	35	937
0	36	629
0	37	237
0	38	208
0	39	370
0	40	348
0	41	384
0	42	126
0	43	806
0	44	805
0	45	745
0	46	469
0	47	255
0	48	366
0	49	266
0	50	256
0	51	269
0	52	241
1	0	177
1	2	233
1	3	443
1	4	640
1	5	759
1	6	833
1	7	635
1	8	452
1	9	584
1	10	584
1	11	300
1	12	247
1	13	367
1	14	412
1	15	458
1	16	556
1	17	513
1	18	430
1	19	412
1	20	328
1	21	138
1	22	291
1	23	334
1	24	122
1	25	329
1	26	473
1	27	468
1	28	587
1	29	527
1	30	104
1	31	473
1	32	741
1	33	824
1	34	842
1	35	915
1	36	607
1	37	394
1	38	231
1	39	298
1	40	381
1	41	561
1	42	235
1	43	710
1	44	754
1	45	750
1	46	413
1	47	170
1	48	353
1	49	391
1	50	378
1	51	347
1	52	287
2	0	354
2	1	233
2	3	212
2	4	416
2	5	555
2	6	647
2	7	485
2	8	302
2	9	351
2	10	351
2	11	78
2	12	200
2	13	375
2	14	487
2	15	591
2	16	730
2	17	709
2	18	658
2	19	644
2	20	560
2	21	364
2	22	509
2	23	500
2	24	219
2	25	416
2	26	399
2	27	485
2	28	478
2	29	320
2	30	159
2	31	243
2	32	509
2	33	591
2	34	620
2	35	717
2	36	422
2	37	591
2	38	464
2	39	111
2	40	305
2	41	716
2	42	321
2	43	477
2	44	538
2	45	582
2	46	216
2	47	104
2	48	226
2	49	609
2	50	597
2	51	577
2	52	520
3	0	540
3	1	443
3	2	212
3	4	209
3	5	370
3	6	481
3	7	381
3	8	249
3	9	153
3	10	153
3	11	167
3	12	317
3	13	460
3	14	599
3	15	731
3	16	890
3	17	887
3	18	860
3	19	856
3	20	772
3	21	577
3	22	706
3	23	667
3	24	403
3	25	546
3	26	405
3	27	554
3	28	426
3	29	155
3	30	370
3	31	99
3	32	314
3	33	381
3	34	413
3	35	532
3	36	276
3	37	772
3	38	673
3	39	172
3	40	340
3	41	864
3	42	471
3	43	268
3	44	339
3	45	442
3	46	129
3	47	287
3	48	247
3	49	804
3	50	793
3	51	782
3	52	729
4	0	710
4	1	640
4	2	416
4	3	209
4	5	185
4	6	311
4	7	314
4	8	297
4	9	165
4	10	165
4	11	376
4	12	465
4	13	561
4	14	705
4	15	853
4	16	1026
4	17	1039
4	18	1040
4	19	1050
4	20	968
4	21	776
4	22	883
4	23	816
4	24	579
4	25	673
4	26	450
4	27	630
4	28	409
4	29	138
4	30	575
4	31	249
4	32	232
4	33	218
4	34	205
4	35	337
4	36	188
4	37	931
4	38	866
4	39	346
4	40	428
4	41	989
4	42	618
4	43	144
4	44	134
4	45	313
4	46	241
4	47	474
4	48	358
4	49	976
4	50	966
4	51	967
4	52	919
5	0	792
5	1	759
5	2	555
5	3	370
5	4	185
5	6	128
5	7	237
5	8	334
5	9	350
5	10	350
5	11	533
5	12	544
5	13	588
5	14	724
5	15	879
5	16	1058
5	17	1090
5	18	1124
5	19	1156
5	20	1079
5	21	897
5	22	966
5	23	871
5	24	675
5	25	713
5	26	444
5	27	626
5	28	355
5	29	235
5	30	712
5	31	430
5	32	378
5	33	296
5	34	149
5	35	162
5	36	164
5	37	992
5	38	972
5	39	462
5	40	462
5	41	1011
5	42	682
5	43	290
5	44	77
5	45	166
5	46	346
5	47	588
5	48	425
5	49	1052
5	50	1043
5	51	1059
5	52	1020
6	0	841
6	1	833
6	2	647
6	3	481
6	4	311
6	5	128
6	7	229
6	8	385
6	9	476
6	10	476
6	11	635
6	12	601
6	13	609
6	14	734
6	15	889
6	16	1069
6	17	1111
6	18	1168
6	19	1215
6	20	1142
6	21	969
6	22	1012
6	23	900
6	24	737
6	25	737
6	26	453
6	27	625
6	28	340
6	29	332
6	30	798
6	31	550
6	32	503
6	33	409
6	34	239
6	35	109
6	36	226
6	37	1023
6	38	1033
6	39	545
6	40	496
6	41	1015
6	42	723
6	43	417
6	44	201
6	45	108
6	46	431
6	47	663
6	48	483
6	49	1091
6	50	1084
6	51	1111
6	52	1078
7	0	621
7	1	635
7	2	485
7	3	381
7	4	314
7	5	237
7	6	229
7	8	186
7	9	451
7	10	451
7	11	498
7	12	392
7	13	379
7	14	505
7	15	660
7	16	840
7	17	882
7	18	943
7	19	998
7	20	930
7	21	767
7	22	789
7	23	671
7	24	529
7	25	507
7	26	223
7	27	398
7	28	117
7	29	233
7	30	620
7	31	475
7	32	547
7	33	506
7	34	385
7	35	336
7	36	126
7	37	794
7	38	820
7	39	374
7	40	273
7	41	787
7	42	499
7	43	458
7	44	297
7	45	125
7	46	280
7	47	474
7	48	282
7	49	865
7	50	858
7	51	889
7	52	861
8	0	460
8	1	452
8	2	302
8	3	249
8	4	297
8	5	334
8	6	385
8	7	186
8	9	370
8	10	370
8	11	326
8	12	216
8	13	266
8	14	409
8	15	560
8	16	736
8	17	759
8	18	791
8	19	830
8	20	757
8	21	586
8	22	633
8	23	539
8	24	352
8	25	384
8	26	161
8	27	334
8	28	184
8	29	160
8	30	433
8	31	348
8	32	507
8	33	516
8	34	454
8	35	477
8	36	170
8	37	659
8	38	648
8	39	191
8	40	133
8	41	695
8	42	348
8	43	431
8	44	357
8	45	298
8	46	122
8	47	288
8	48	99
8	49	718
8	50	709
8	51	729
8	52	693
9	0	692
9	1	584
9	2	351
9	3	153
9	4	165
9	5	350
9	6	476
9	7	451
9	8	370
9	10	0
9	11	288
9	12	470
9	13	607
9	14	748
9	15	883
9	16	1044
9	17	1040
9	18	1008
9	19	995
9	20	909
9	21	712
9	22	856
9	23	821
9	24	554
9	25	698
9	26	532
9	27	695
9	28	525
9	29	224
9	30	500
9	31	119
9	32	160
9	33	248
9	34	333
9	35	496
9	36	326
9	37	926
9	38	815
9	39	326
9	40	480
9	41	1017
9	42	624
9	43	133
9	44	290
9	45	472
9	46	265
9	47	437
9	48	391
9	49	954
9	50	943
9	51	928
9	52	872
10	0	692
10	1	584
10	2	351
10	3	153
10	4	165
10	5	350
10	6	476
10	7	451
10	8	370
10	9	0
10	11	288
10	12	470
10	13	607
10	14	748
10	15	883
10	16	1044
10	17	1040
10	18	1008
10	19	995
10	20	909
10	21	712
10	22	856
10	23	821
10	24	554
10	25	698
10	26	532
10	27	695
10	28	525
10	29	224
10	30	500
10	31	119
10	32	160
10	33	248
10	34	333
10	35	496
10	36	326
10	37	926
10	38	815
10	39	326
10	40	480
10	41	1017
10	42	624
10	43	133
10	44	290
10	45	472
10	46	265
10	47	437
10	48	391
10	49	954
10	50	943
10	51	928
10	52	872
11	0	432
11	1	300
11	2	78
11	3	167
11	4	376
11	5	533
11	6	635
11	7	498
11	8	326
11	9	288
11	10	288
11	12	269
11	13	441
11	14	560
11	15	668
11	16	808
11	17	787
11	18	729
11	19	708
11	20	622
11	21	425
11	22	583
11	23	578
11	24	297
11	25	491
11	26	445
11	27	550
11	28	508
11	29	303
11	30	212
11	31	173
11	32	442
11	33	533
11	34	581
11	35	695
11	36	416
11	37	669
11	38	530
11	39	146
11	40	356
11	41	794
11	42	398
11	43	418
11	44	506
11	45	582
11	46	218
11	47	182
11	48	267
11	49	684
11	50	671
11	51	647
11	52	588
12	0	248
12	1	247
12	2	200
12	3	317
12	4	465
12	5	544
12	6	601
12	7	392
12	8	216
12	9	470
12	10	470
12	11	269
12	13	174
12	14	293
12	15	415
12	16	574
12	17	576
12	18	581
12	19	614
12	20	541
12	21	375
12	22	423
12	23	354
12	24	137
12	25	231
12	26	230
12	27	285
12	28	340
12	29	332
12	30	259
12	31	392
12	32	629
12	33	675
12	34	650
12	35	692
12	36	383
12	37	466
12	38	432
12	39	147
12	40	135
12	41	547
12	42	155
12	43	572
12	44	556
12	45	511
12	46	224
12	47	117
12	48	118
12	49	513
12	50	503
12	51	515
12	52	478
13	0	272
13	1	367
13	2	375
13	3	460
13	4	561
13	5	588
13	6	609
13	7	379
13	8	266
13	9	607
13	10	607
13	11	441
13	12	174
13	14	144
13	15	294
13	16	471
13	17	503
13	18	571
13	19	645
13	20	588
13	21	466
13	22	422
13	23	292
13	24	245
13	25	128
13	26	157
13	27	111
13	28	283
13	29	423
13	30	413
13	31	548
13	32	758
13	33	780
13	34	718
13	35	713
13	36	426
13	37	414
13	38	481
13	39	307
13	40	133
13	41	428
13	42	148
13	43	689
13	44	621
13	45	504
13	46	342
13	47	286
13	48	215
13	49	489
13	50	483
13	51	526
13	52	511
14	0	262
14	1	412
14	2	487
14	3	599
14	4	705
14	5	724
14	6	734
14	7	505
14	8	409
14	9	748
14	10	748
14	11	560
14	12	293
14	13	144
14	15	155
14	16	335
14	17	382
14	18	489
14	19	589
14	20	550
14	21	475
14	22	361
14	23	200
14	24	306
14	25	83
14	26	282
14	27	119
14	28	396
14	29	567
14	30	485
14	31	682
14	32	901
14	33	924
14	34	859
14	35	841
14	36	565
14	37	313
14	38	453
14	39	437
14	40	277
14	41	286
14	42	181
14	43	832
14	44	762
14	45	627
14	46	484
14	47	387
14	48	357
14	49	403
14	50	400
14	51	464
14	52	468
15	0	281
15	1	458
15	2	591
15	3	731
15	4	853
15	5	879
15	6	889
15	7	660
15	8	560
15	9	883
15	10	883
15	11	668
15	12	415
15	13	294
15	14	155
15	16	180
15	17	237
15	18	385
15	19	510
15	20	492
15	21	475
15	22	296
15	23	138
15	24	381
15	25	184
15	26	437
15	27	267
15	28	550
15	29	715
15	30	550
15	31	807
15	32	1040
15	33	1071
15	34	1012
15	35	996
15	36	719
15	37	201
15	38	417
15	39	562
15	40	427
15	41	135
15	42	269
15	43	976
15	44	915
15	45	781
15	46	624
15	47	486
15	48	498
15	49	300
15	50	301
15	51	385
15	52	411
16	0	384
16	1	556
16	2	730
16	3	890
16	4	1026
16	5	1058
16	6	1069
16	7	840
16	8	736
16	9	1044
16	10	1044
16	11	808
16	12	574
16	13	471
16	14	335
16	15	180
16	17	106
16	18	313
16	19	461
16	20	475
16	21	529
16	22	306
16	23	230
16	24	511
16	25	353
16	26	617
16	27	445
16	28	729
16	29	887
16	30	658
16	31	960
16	32	1203
16	33	1242
16	34	1190
16	35	1176
16	36	897
16	37	177
16	38	436
16	39	719
16	40	603
16	41	70
16	42	419
16	43	1143
16	44	1092
16	45	961
16	46	792
16	47	626
16	48	668
16	49	251
16	50	259
16	51	354
16	52	407
17	0	355
17	1	513
17	2	709
17	3	887
17	4	1039
17	5	1090
17	6	1111
17	7	882
17	8	759
17	9	1040
17	10	1040
17	11	787
17	12	576
17	13	503
17	14	382
17	15	237
17	16	106
17	18	209
17	19	359
17	20	381
17	21	462
17	22	235
17	23	222
17	24	491
17	25	377
17	26	658
17	27	500
17	28	777
17	29	902
17	30	617
17	31	947
17	32	1201
17	33	1252
17	34	1214
17	35	1216
17	36	926
17	37	118
17	38	358
17	39	714
17	40	628
17	41	172
17	42	421
17	43	1148
17	44	1117
17	45	1006
17	46	800
17	47	609
17	48	681
17	49	158
17	50	168
17	51	260
17	52	320
18	0	332
18	1	430
18	2	658
18	3	860
18	4	1040
18	5	1124
18	6	1168
18	7	943
18	8	791
18	9	1008
18	10	1008
18	11	729
18	12	581
18	13	571
18	14	489
18	15	385
18	16	313
18	17	209
18	19	150
18	20	187
18	21	332
18	22	158
18	23	289
18	24	461
18	25	448
18	26	728
18	27	606
18	28	854
18	29	911
18	30	530
18	31	901
18	32	1167
18	33	1239
18	34	1231
18	35	1266
18	36	961
18	37	184
18	38	213
18	39	696
18	40	672
18	41	371
18	42	445
18	43	1128
18	44	1137
18	45	1069
18	46	799
18	47	572
18	48	699
18	49	86
18	50	89
18	51	87
18	52	157
19	0	377
19	1	412
19	2	644
19	3	856
19	4	1050
19	5	1156
19	6	1215
19	7	998
19	8	830
19	9	995
19	10	995
19	11	708
19	12	614
19	13	645
19	14	589
19	15	510
19	16	461
19	17	359
19	18	150
19	20	87
19	21	283
19	22	228
19	23	393
19	24	480
19	25	533
19	26	795
19	27	700
19	28	921
19	29	931
19	30	496
19	31	881
19	32	1150
19	33	1236
19	34	1249
19	35	1307
19	36	997
19	37	313
19	38	184
19	39	705
19	40	725
19	41	515
19	42	503
19	43	1122
19	44	1159
19	45	1121
19	46	817
19	47	576
19	48	733
19	49	216
19	50	211
19	51	126
19	52	136
20	0	316
20	1	328
20	2	560
20	3	772
20	4	968
20	5	1079
20	6	1142
20	7	930
20	8	757
20	9	909
20	10	909
20	11	622
20	12	541
20	13	588
20	14	550
20	15	492
20	16	475
20	17	381
20	18	187
20	19	87
20	21	197
20	22	196
20	23	363
20	24	405
20	25	485
20	26	733
20	27	653
20	28	859
20	29	852
20	30	410
20	31	795
20	32	1064
20	33	1152
20	34	1169
20	35	1232
20	36	922
20	37	309
20	38	109
20	39	624
20	40	658
20	41	520
20	42	442
20	43	1037
20	44	1080
20	45	1051
20	46	737
20	47	495
20	48	659
20	49	224
20	50	215
20	51	120
20	52	82
21	0	212
21	1	138
21	2	364
21	3	577
21	4	776
21	5	897
21	6	969
21	7	767
21	8	586
21	9	712
21	10	712
21	11	425
21	12	375
21	13	466
21	14	475
21	15	475
21	16	529
21	17	462
21	18	332
21	19	283
21	20	197
21	22	227
21	23	338
21	24	240
21	25	395
21	26	591
21	27	554
21	28	711
21	29	665
21	30	213
21	31	598
21	32	867
21	33	956
21	34	979
21	35	1053
21	36	744
21	37	354
21	38	118
21	39	436
21	40	504
21	41	551
21	42	320
21	43	841
21	44	892
21	45	884
21	46	551
21	47	309
21	48	487
21	49	316
21	50	304
21	51	244
21	52	175
22	0	174
22	1	291
22	2	509
22	3	706
22	4	883
22	5	966
22	6	1012
22	7	789
22	8	633
22	9	856
22	10	856
22	11	583
22	12	423
22	13	422
22	14	361
22	15	296
22	16	306
22	17	235
22	18	158
22	19	228
22	20	196
22	21	227
22	23	167
22	24	304
22	25	306
22	26	577
22	27	471
22	28	704
22	29	753
22	30	395
22	31	752
22	32	1016
22	33	1084
22	34	1073
22	35	1109
22	36	803
22	37	129
22	38	130
22	39	540
22	40	516
22	41	338
22	42	289
22	43	974
22	44	979
22	45	914
22	46	642
22	47	419
22	48	540
22	49	100
22	50	88
22	51	104
22	52	115
23	0	158
23	1	334
23	2	500
23	3	667
23	4	816
23	5	871
23	6	900
23	7	671
23	8	539
23	9	821
23	10	821
23	11	578
23	12	354
23	13	292
23	14	200
23	15	138
23	16	230
23	17	222
23	18	289
23	19	393
23	20	363
23	21	338
23	22	167
23	24	281
23	25	164
23	26	449
23	27	316
23	28	574
23	29	680
23	30	433
23	31	732
23	32	981
23	33	1029
23	34	992
23	35	1003
23	36	707
23	37	122
23	38	280
23	39	495
23	40	409
23	41	226
23	42	198
23	43	926
23	44	896
23	45	796
23	46	577
23	47	396
23	48	459
23	49	204
23	50	200
23	51	267
23	52	281
24	0	137
24	1	122
24	2	219
24	3	403
24	4	579
24	5	675
24	6	737
24	7	529
24	8	352
24	9	554
24	10	554
24	11	297
24	12	137
24	13	245
24	14	306
24	15	381
24	16	511
24	17	491
24	18	461
24	19	480
24	20	405
24	21	240
24	22	304
24	23	281
24	25	225
24	26	353
24	27	348
24	28	471
24	29	453
24	30	179
24	31	457
24	32	715
24	33	779
24	34	773
24	35	826
24	36	517
24	37	373
24	38	296
24	39	235
24	40	264
24	41	501
24	42	125
24	43	670
24	44	681
24	45	648
24	46	340
24	47	118
24	48	253
24	49	401
24	50	390
24	51	388
24	52	345
25	0	184
25	1	329
25	2	416
25	3	546
25	4	673
25	5	713
25	6	737
25	7	507
25	8	384
25	9	698
25	10	698
25	11	491
25	12	231
25	13	128
25	14	83
25	15	184
25	16	353
25	17	377
25	18	448
25	19	533
25	20	485
25	21	395
25	22	306
25	23	164
25	24	225
25	26	285
25	27	168
25	28	409
25	29	534
25	30	404
25	31	624
25	32	855
25	33	890
25	34	839
25	35	840
25	36	549
25	37	286
25	38	384
25	39	379
25	40	252
25	41	318
25	42	100
25	43	792
25	44	742
25	45	632
25	46	441
25	47	313
25	48	316
25	49	365
25	50	359
25	51	410
25	52	405
26	0	418
26	1	473
26	2	399
26	3	405
26	4	450
26	5	444
26	6	453
26	7	223
26	8	161
26	9	532
26	10	532
26	11	445
26	12	230
26	13	157
26	14	282
26	15	437
26	16	617
26	17	658
26	18	728
26	19	795
26	20	733
26	21	591
26	22	577
26	23	449
26	24	353
26	25	285
26	27	184
26	28	127
26	29	319
26	30	489
26	31	502
26	32	668
26	33	667
26	34	582
26	35	559
26	36	288
26	37	572
26	38	624
26	39	299
26	40	97
26	41	567
26	42	291
26	43	589
26	44	487
26	45	348
26	46	275
26	47	342
26	48	178
26	49	647
26	50	640
26	51	680
26	52	659
27	0	348
27	1	468
27	2	485
27	3	554
27	4	630
27	5	626
27	6	625
27	7	398
27	8	334
27	9	695
27	10	695
27	11	550
27	12	285
27	13	111
27	14	119
27	15	267
27	16	445
27	17	500
27	18	606
27	19	700
27	20	653
27	21	554
27	22	471
27	23	316
27	24	348
27	25	168
27	26	184
27	28	285
27	29	495
27	30	522
27	31	646
27	32	840
27	33	848
27	34	766
27	35	733
27	36	472
27	37	432
27	38	552
27	39	411
27	40	215
27	41	390
27	42	236
27	43	765
27	44	671
27	45	517
27	46	429
27	47	397
27	48	307
27	49	520
27	50	517
27	51	576
27	52	573
28	0	544
28	1	587
28	2	478
28	3	426
28	4	409
28	5	355
28	6	340
28	7	117
28	8	184
28	9	525
28	10	525
28	11	508
28	12	340
28	13	283
28	14	396
28	15	550
28	16	729
28	17	777
28	18	854
28	19	921
28	20	859
28	21	711
28	22	704
28	23	574
28	24	471
28	25	409
28	26	127
28	27	285
28	29	300
28	30	591
28	31	525
28	32	640
28	33	613
28	34	502
28	35	448
28	36	224
28	37	696
28	38	749
28	39	368
28	40	206
28	41	675
28	42	418
28	43	554
28	44	411
28	45	232
28	46	304
28	47	442
28	48	254
28	49	773
28	50	767
28	51	807
28	52	786
29	0	579
29	1	527
29	2	320
29	3	155
29	4	138
29	5	235
29	6	332
29	7	233
29	8	160
29	9	224
29	10	224
29	11	303
29	12	332
29	13	423
29	14	567
29	15	715
29	16	887
29	17	902
29	18	911
29	19	931
29	20	852
29	21	665
29	22	753
29	23	680
29	24	453
29	25	534
29	26	319
29	27	495
29	28	300
29	30	477
29	31	243
29	32	349
29	33	357
29	34	320
29	35	396
29	36	120
29	37	796
29	38	746
29	39	229
29	40	289
29	41	850
29	42	482
29	43	270
29	44	228
29	45	286
29	46	114
29	47	357
29	48	220
29	49	845
29	50	835
29	51	841
29	52	797
30	0	275
30	1	104
30	2	159
30	3	370
30	4	575
30	5	712
30	6	798
30	7	620
30	8	433
30	9	500
30	10	500
30	11	212
30	12	259
30	13	413
30	14	485
30	15	550
30	16	658
30	17	617
30	18	530
30	19	496
30	20	410
30	21	213
30	22	395
30	23	433
30	24	179
30	25	404
30	26	489
30	27	522
30	28	591
30	29	477
30	31	385
30	32	654
30	33	745
30	34	780
30	35	873
30	36	572
30	37	499
30	38	323
30	39	253
30	40	392
30	41	660
30	42	304
30	43	630
30	44	698
30	45	726
30	46	368
30	47	149
30	48	340
30	49	494
30	50	482
30	51	444
30	52	381
31	0	594
31	1	473
31	2	243
31	3	99
31	4	249
31	5	430
31	6	550
31	7	475
31	8	348
31	9	119
31	10	119
31	11	173
31	12	392
31	13	548
31	14	682
31	15	807
31	16	960
31	17	947
31	18	901
31	19	881
31	20	795
31	21	598
31	22	752
31	23	732
31	24	457
31	25	624
31	26	502
31	27	646
31	28	525
31	29	243
31	30	385
31	32	269
31	33	367
31	34	442
31	35	587
31	36	362
31	37	831
31	38	703
31	39	245
31	40	433
31	41	938
31	42	541
31	43	252
31	44	384
31	45	524
31	46	227
31	47	338
31	48	338
31	49	852
31	50	840
31	51	819
31	52	761
32	0	852
32	1	741
32	2	509
32	3	314
32	4	232
32	5	378
32	6	503
32	7	547
32	8	507
32	9	160
32	10	160
32	11	442
32	12	629
32	13	758
32	14	901
32	15	1040
32	16	1203
32	17	1201
32	18	1167
32	19	1150
32	20	1064
32	21	867
32	22	1016
32	23	981
32	24	715
32	25	855
32	26	668
32	27	840
32	28	640
32	29	349
32	30	654
32	31	269
32	33	138
32	34	296
32	35	487
32	36	421
32	37	1086
32	38	972
32	39	486
32	40	628
32	41	1174
32	42	784
32	43	90
32	44	302
32	45	533
32	46	416
32	47	598
32	48	543
32	49	1115
32	50	1104
32	51	1087
32	52	1029
33	0	914
33	1	824
33	2	591
33	3	381
33	4	218
33	5	296
33	6	409
33	7	506
33	8	516
33	9	248
33	10	248
33	11	533
33	12	675
33	13	780
33	14	924
33	15	1071
33	16	1242
33	17	1252
33	18	1239
33	19	1236
33	20	1152
33	21	956
33	22	1084
33	23	1029
33	24	779
33	25	890
33	26	667
33	27	848
33	28	613
33	29	357
33	30	745
33	31	367
33	32	138
33	34	177
33	35	372
33	36	389
33	37	1141
33	38	1054
33	39	544
33	40	646
33	41	1206
33	42	830
33	43	115
33	44	219
33	45	462
33	46	452
33	47	667
33	48	574
33	49	1180
33	50	1170
33	51	1163
33	52	1110
34	0	899
34	1	842
34	2	620
34	3	413
34	4	205
34	5	149
34	6	239
34	7	385
34	8	454
34	9	333
34	10	333
34	11	581
34	12	650
34	13	718
34	14	859
34	15	1012
34	16	1190
34	17	1214
34	18	1231
34	19	1249
34	20	1169
34	21	979
34	22	1073
34	23	992
34	24	773
34	25	839
34	26	582
34	27	766
34	28	502
34	29	320
34	30	780
34	31	442
34	32	296
34	33	177
34	35	195
34	36	294
34	37	1111
34	38	1065
34	39	545
34	40	587
34	41	1145
34	42	798
34	43	225
34	44	97
34	45	311
34	46	433
34	47	673
34	48	536
34	49	1164
34	50	1154
34	51	1162
34	52	1117
35	0	937
35	1	915
35	2	717
35	3	532
35	4	337
35	5	162
35	6	109
35	7	336
35	8	477
35	9	496
35	10	496
35	11	695
35	12	692
35	13	713
35	14	841
35	15	996
35	16	1176
35	17	1216
35	18	1266
35	19	1307
35	20	1232
35	21	1053
35	22	1109
35	23	1003
35	24	826
35	25	840
35	26	559
35	27	733
35	28	448
35	29	396
35	30	873
35	31	587
35	32	487
35	33	372
35	34	195
35	36	309
35	37	1125
35	38	1123
35	39	621
35	40	596
35	41	1123
35	42	821
35	43	409
35	44	205
35	45	217
35	46	505
35	47	745
35	48	573
35	49	1191
35	50	1183
35	51	1206
35	52	1170
36	0	629
36	1	607
36	2	422
36	3	276
36	4	188
36	5	164
36	6	226
36	7	126
36	8	170
36	9	326
36	10	326
36	11	416
36	12	383
36	13	426
36	14	565
36	15	719
36	16	897
36	17	926
36	18	961
36	19	997
36	20	922
36	21	744
36	22	803
36	23	707
36	24	517
36	25	549
36	26	288
36	27	472
36	28	224
36	29	120
36	30	572
36	31	362
36	32	421
36	33	389
36	34	294
36	35	309
36	37	828
36	38	813
36	39	318
36	40	298
36	41	851
36	42	518
36	43	333
36	44	198
36	45	166
36	46	205
36	47	437
36	48	264
36	49	888
36	50	879
36	51	898
36	52	861
37	0	237
37	1	394
37	2	591
37	3	772
37	4	931
37	5	992
37	6	1023
37	7	794
37	8	659
37	9	926
37	10	926
37	11	669
37	12	466
37	13	414
37	14	313
37	15	201
37	16	177
37	17	118
37	18	184
37	19	313
37	20	309
37	21	354
37	22	129
37	23	122
37	24	373
37	25	286
37	26	572
37	27	432
37	28	696
37	29	796
37	30	499
37	31	831
37	32	1086
37	33	1141
37	34	1111
37	35	1125
37	36	828
37	38	260
37	39	601
37	40	530
37	41	212
37	42	313
37	43	1036
37	44	1015
37	45	919
37	46	690
37	47	492
37	48	576
37	49	99
37	50	102
37	51	192
37	52	235
38	0	208
38	1	231
38	2	464
38	3	673
38	4	866
38	5	972
38	6	1033
38	7	820
38	8	648
38	9	815
38	10	815
38	11	530
38	12	432
38	13	481
38	14	453
38	15	417
38	16	436
38	17	358
38	18	213
38	19	184
38	20	109
38	21	118
38	22	130
38	23	280
38	24	296
38	25	384
38	26	624
38	27	552
38	28	749
38	29	746
38	30	323
38	31	703
38	32	972
38	33	1054
38	34	1065
38	35	1123
38	36	813
38	37	260
38	39	520
38	40	548
38	41	469
38	42	334
38	43	941
38	44	974
38	45	942
38	46	632
38	47	392
38	48	550
38	49	204
38	50	192
38	51	125
38	52	58
39	0	370
39	1	298
39	2	111
39	3	172
39	4	346
39	5	462
39	6	545
39	7	374
39	8	191
39	9	326
39	10	326
39	11	146
39	12	147
39	13	307
39	14	437
39	15	562
39	16	719
39	17	714
39	18	696
39	19	705
39	20	624
39	21	436
39	22	540
39	23	495
39	24	235
39	25	379
39	26	299
39	27	411
39	28	368
39	29	229
39	30	253
39	31	245
39	32	486
39	33	544
39	34	545
39	35	621
39	36	318
39	37	601
39	38	520
39	40	210
39	41	694
39	42	299
39	43	436
39	44	456
39	45	474
39	46	116
39	47	128
39	48	121
39	49	636
39	50	625
39	51	621
39	52	573
40	0	348
40	1	381
40	2	305
40	3	340
40	4	428
40	5	462
40	6	496
40	7	273
40	8	133
40	9	480
40	10	480
40	11	356
40	12	135
40	13	133
40	14	277
40	15	427
40	16	603
40	17	628
40	18	672
40	19	725
40	20	658
40	21	504
40	22	516
40	23	409
40	24	264
40	25	252
40	26	97
40	27	215
40	28	206
40	29	289
40	30	392
40	31	433
40	32	628
40	33	646
40	34	587
40	35	596
40	36	298
40	37	530
40	38	548
40	39	210
40	41	562
40	42	226
40	43	556
40	44	490
40	45	398
40	46	214
40	47	245
40	48	94
40	49	595
40	50	587
40	51	616
40	52	588
41	0	384
41	1	561
41	2	716
41	3	864
41	4	989
41	5	1011
41	6	1015
41	7	787
41	8	695
41	9	1017
41	10	1017
41	11	794
41	12	547
41	13	428
41	14	286
41	15	135
41	16	70
41	17	172
41	18	371
41	19	515
41	20	520
41	21	551
41	22	338
41	23	226
41	24	501
41	25	318
41	26	567
41	27	390
41	28	675
41	29	850
41	30	660
41	31	938
41	32	1174
41	33	1206
41	34	1145
41	35	1123
41	36	851
41	37	212
41	38	469
41	39	694
41	40	562
41	42	397
41	43	1111
41	44	1048
41	45	907
41	46	759
41	47	611
41	48	633
41	49	300
41	50	306
41	51	401
41	52	447
42	0	126
42	1	235
42	2	321
42	3	471
42	4	618
42	5	682
42	6	723
42	7	499
42	8	348
42	9	624
42	10	624
42	11	398
42	12	155
42	13	148
42	14	181
42	15	269
42	16	419
42	17	421
42	18	445
42	19	503
42	20	442
42	21	320
42	22	289
42	23	198
42	24	125
42	25	100
42	26	291
42	27	236
42	28	418
42	29	482
42	30	304
42	31	541
42	32	784
42	33	830
42	34	798
42	35	821
42	36	518
42	37	313
42	38	334
42	39	299
42	40	226
42	41	397
42	43	727
42	44	702
42	45	624
42	46	378
42	47	217
42	48	262
42	49	370
42	50	361
42	51	390
42	52	368
43	0	806
43	1	710
43	2	477
43	3	268
43	4	144
43	5	290
43	6	417
43	7	458
43	8	431
43	9	133
43	10	133
43	11	418
43	12	572
43	13	689
43	14	832
43	15	976
43	16	1143
43	17	1148
43	18	1128
43	19	1122
43	20	1037
43	21	841
43	22	974
43	23	926
43	24	670
43	25	792
43	26	589
43	27	765
43	28	554
43	29	270
43	30	630
43	31	252
43	32	90
43	33	115
43	34	225
43	35	409
43	36	333
43	37	1036
43	38	941
43	39	436
43	40	556
43	41	1111
43	42	727
43	44	216
43	45	442
43	46	351
43	47	556
43	48	477
43	49	1071
43	50	1060
43	51	1051
43	52	997
44	0	805
44	1	754
44	2	538
44	3	339
44	4	134
44	5	77
44	6	201
44	7	297
44	8	357
44	9	290
44	10	290
44	11	506
44	12	556
44	13	621
44	14	762
44	15	915
44	16	1092
44	17	1117
44	18	1137
44	19	1159
44	20	1080
44	21	892
44	22	979
44	23	896
44	24	681
44	25	742
44	26	487
44	27	671
44	28	411
44	29	228
44	30	698
44	31	384
44	32	302
44	33	219
44	34	97
44	35	205
44	36	198
44	37	1015
44	38	974
44	39	456
44	40	490
44	41	1048
44	42	702
44	43	216
44	45	242
44	46	342
44	47	584
44	48	440
44	49	1068
44	50	1059
44	51	1069
44	52	1025
45	0	745
45	1	750
45	2	582
45	3	442
45	4	313
45	5	166
45	6	108
45	7	125
45	8	298
45	9	472
45	10	472
45	11	582
45	12	511
45	13	504
45	14	627
45	15	781
45	16	961
45	17	1006
45	18	1069
45	19	1121
45	20	1051
45	21	884
45	22	914
45	23	796
45	24	648
45	25	632
45	26	348
45	27	517
45	28	232
45	29	286
45	30	726
45	31	524
45	32	533
45	33	462
45	34	311
45	35	217
45	36	166
45	37	919
45	38	942
45	39	474
45	40	398
45	41	907
45	42	624
45	43	442
45	44	242
45	46	367
45	47	585
45	48	397
45	49	990
45	50	983
45	51	1014
45	52	984
46	0	469
46	1	413
46	2	216
46	3	129
46	4	241
46	5	346
46	6	431
46	7	280
46	8	122
46	9	265
46	10	265
46	11	218
46	12	224
46	13	342
46	14	484
46	15	624
46	16	792
46	17	800
46	18	799
46	19	817
46	20	737
46	21	551
46	22	642
46	23	577
46	24	340
46	25	441
46	26	275
46	27	429
46	28	304
46	29	114
46	30	368
46	31	227
46	32	416
46	33	452
46	34	433
46	35	505
46	36	205
46	37	690
46	38	632
46	39	116
46	40	214
46	41	759
46	42	378
46	43	351
46	44	342
46	45	367
46	47	242
46	48	127
46	49	735
46	50	725
46	51	728
46	52	683
47	0	255
47	1	170
47	2	104
47	3	287
47	4	474
47	5	588
47	6	663
47	7	474
47	8	288
47	9	437
47	10	437
47	11	182
47	12	117
47	13	286
47	14	387
47	15	486
47	16	626
47	17	609
47	18	572
47	19	576
47	20	495
47	21	309
47	22	419
47	23	396
47	24	118
47	25	313
47	26	342
47	27	397
47	28	442
47	29	357
47	30	149
47	31	338
47	32	598
47	33	667
47	34	673
47	35	745
47	36	437
47	37	492
47	38	392
47	39	128
47	40	245
47	41	611
47	42	217
47	43	556
47	44	584
47	45	585
47	46	242
47	48	192
47	49	517
47	50	505
47	51	496
47	52	445
48	0	366
48	1	353
48	2	226
48	3	247
48	4	358
48	5	425
48	6	483
48	7	282
48	8	99
48	9	391
48	10	391
48	11	267
48	12	118
48	13	215
48	14	357
48	15	498
48	16	668
48	17	681
48	18	699
48	19	733
48	20	659
48	21	487
48	22	540
48	23	459
48	24	253
48	25	316
48	26	178
48	27	307
48	28	254
48	29	220
48	30	340
48	31	338
48	32	543
48	33	574
48	34	536
48	35	573
48	36	264
48	37	576
48	38	550
48	39	121
48	40	94
48	41	633
48	42	262
48	43	477
48	44	440
48	45	397
48	46	127
48	47	192
48	49	628
48	50	619
48	51	634
48	52	596
49	0	266
49	1	391
49	2	609
49	3	804
49	4	976
49	5	1052
49	6	1091
49	7	865
49	8	718
49	9	954
49	10	954
49	11	684
49	12	513
49	13	489
49	14	403
49	15	300
49	16	251
49	17	158
49	18	86
49	19	216
49	20	224
49	21	316
49	22	100
49	23	204
49	24	401
49	25	365
49	26	647
49	27	520
49	28	773
49	29	845
49	30	494
49	31	852
49	32	1115
49	33	1180
49	34	1164
49	35	1191
49	36	888
49	37	99
49	38	204
49	39	636
49	40	595
49	41	300
49	42	370
49	43	1071
49	44	1068
49	45	990
49	46	735
49	47	517
49	48	628
49	50	12
49	51	103
49	52	163
50	0	256
50	1	378
50	2	597
50	3	793
50	4	966
50	5	1043
50	6	1084
50	7	858
50	8	709
50	9	943
50	10	943
50	11	671
50	12	503
50	13	483
50	14	400
50	15	301
50	16	259
50	17	168
50	18	89
50	19	211
50	20	215
50	21	304
50	22	88
50	23	200
50	24	390
50	25	359
50	26	640
50	27	517
50	28	767
50	29	835
50	30	482
50	31	840
50	32	1104
50	33	1170
50	34	1154
50	35	1183
50	36	879
50	37	102
50	38	192
50	39	625
50	40	587
50	41	306
50	42	361
50	43	1060
50	44	1059
50	45	983
50	46	725
50	47	505
50	48	619
50	49	12
50	51	95
50	52	151
51	0	269
51	1	347
51	2	577
51	3	782
51	4	967
51	5	1059
51	6	1111
51	7	889
51	8	729
51	9	928
51	10	928
51	11	647
51	12	515
51	13	526
51	14	464
51	15	385
51	16	354
51	17	260
51	18	87
51	19	126
51	20	120
51	21	244
51	22	104
51	23	267
51	24	388
51	25	410
51	26	680
51	27	576
51	28	807
51	29	841
51	30	444
51	31	819
51	32	1087
51	33	1163
51	34	1162
51	35	1206
51	36	898
51	37	192
51	38	125
51	39	621
51	40	616
51	41	401
51	42	390
51	43	1051
51	44	1069
51	45	1014
51	46	728
51	47	496
51	48	634
51	49	103
51	50	95
51	52	70
52	0	241
52	1	287
52	2	520
52	3	729
52	4	919
52	5	1020
52	6	1078
52	7	861
52	8	693
52	9	872
52	10	872
52	11	588
52	12	478
52	13	511
52	14	468
52	15	411
52	16	407
52	17	320
52	18	157
52	19	136
52	20	82
52	21	175
52	22	115
52	23	281
52	24	345
52	25	405
52	26	659
52	27	573
52	28	786
52	29	797
52	30	381
52	31	761
52	32	1029
52	33	1110
52	34	1117
52	35	1170
52	36	861
52	37	235
52	38	58
52	39	573
52	40	588
52	41	447
52	42	368
52	43	997
52	44	1025
52	45	984
52	46	683
52	47	445
52	48	596
52	49	163
52	50	151
52	51	70
